# Códigos retirados da grade. Um código por linha.
54575
102982
99115
102339
98922
102659
97486
100904
102978
102681
98923
102704
102655
99222
102691
102674
102672
105147
98145
105191
101899
102625
102884
105192
92800
90694
104403
54579
100643
54589
102671
87774
103396
88656
88551
90692
85566
101801
102718
102901
94029
95963
102695
78371
76047
87471
102705
54492
102801
101299
94704
102664
76058
102965
92801
62090
101893
88657
99733
102678
54578
77800
76051
101727
102719
104381
102670
95402
99493
104404
54775
60590
86686
99732
102712
103589
88922
105843
97016
97012
102667
104320
90691
104629
102352
80931
54609
54574
54553
102808
94035
102660
102981
102669
94295
102680
105866
98406
84583
102619
57679
57718
104405
107913
102709
102724
102107
102347
93849
102979
102656
98895
102662
96180
54747
54604
102800
102583
92705
100529
54444
102725
102721
102819
102673
101885
78376
102715
85673
104483
98716
105557
54571
102723
110572
101560
87784
110384
102341
54712
66551
103591
106322
102340
102711
102663
101881
54584
92309
95403
101897
87475
87474
101888
102701
97663
101884
93225
54580
102717
78473
102343
102698
98143
60751
102627
101891
83623
82998
78394
101892
101561
54433
102606
105623
105414
97160
110049
110040
109575
108091
106398
106030
102722
102700
102694
102693
102692
102666
102658
102349
102348
101902
101901
101886
101860
98216
92304
92303
92297
92225
88654
88653
87967
87480
87479
87478
84865
80229
78135
77224
77223
61346
59188
58460
57715
57638
57398
54708
54570
103352
106210
102812
102736
